﻿체결시각,체결가,전일비,매도,매수,거래량,변동량
15:57,"47,200",300,0,"47,200","38,529",2
15:30,"47,200",300,"47,250","47,200","38,527","2,804"
15:19,"47,200",300,"47,250","47,200","35,723",30
15:18,"47,350",450,"47,350","47,200","35,693",488
15:17,"47,350",450,"47,350","47,300","35,205",94
15:16,"47,250",350,"47,300","47,250","35,111",38
15:15,"47,300",400,"47,300","47,250","35,073",85
15:14,"47,300",400,"47,300","47,250","34,988",39
15:13,"47,300",400,"47,300","47,250","34,949",34
15:12,"47,300",400,"47,300","47,200","34,915",113
15:11,"47,200",300,"47,300","47,200","34,802",15
15:10,"47,150",250,"47,300","47,150","34,787",22
15:09,"47,150",250,"47,300","47,150","34,765","1,121"
15:08,"47,250",350,"47,300","47,250","33,644",42
15:07,"47,250",350,"47,300","47,250","33,602",15
15:06,"47,250",350,"47,300","47,250","33,587",25
15:05,"47,250",350,"47,300","47,250","33,562",16
15:04,"47,250",350,"47,300","47,250","33,546",30
15:03,"47,250",350,"47,300","47,250","33,516",17
15:02,"47,250",350,"47,300","47,250","33,499",16
15:01,"47,250",350,"47,300","47,250","33,483",12
15:00,"47,250",350,"47,300","47,250","33,471",45
14:59,"47,200",300,"47,350","47,200","33,426",12
14:58,"47,350",450,"47,350","47,200","33,414",13
14:57,"47,350",450,"47,350","47,200","33,401","1,193"
14:56,"47,300",400,"47,350","47,300","32,208",34
14:55,"47,300",400,"47,350","47,300","32,174",62
14:54,"47,300",400,"47,350","47,300","32,112",25
14:53,"47,350",450,"47,350","47,300","32,087",26
14:52,"47,350",450,"47,350","47,300","32,061",23
14:51,"47,350",450,"47,350","47,300","32,038",47
14:50,"47,300",400,"47,350","47,300","31,991",85
14:49,"47,250",350,"47,400","47,250","31,906",12
14:48,"47,250",350,"47,400","47,250","31,894",13
14:47,"47,250",350,"47,400","47,250","31,881",12
14:46,"47,300",400,"47,400","47,250","31,869",52
14:45,"47,200",300,"47,350","47,200","31,817",926
14:44,"47,350",450,"47,350","47,300","30,891",1
14:43,"47,300",400,"47,350","47,300","30,890",13
14:42,"47,300",400,"47,350","47,300","30,877",11
14:41,"47,350",450,"47,350","47,300","30,866",5
14:40,"47,300",400,"47,350","47,300","30,861",16
14:39,"47,300",400,"47,400","47,300","30,845",24
14:38,"47,450",550,"47,450","47,400","30,821",273
14:37,"47,400",500,"47,450","47,400","30,548",2
14:36,"47,350",450,"47,450","47,350","30,546",12
14:35,"47,350",450,"47,450","47,350","30,534",10
14:34,"47,500",600,"47,500","47,350","30,524",56
14:33,"47,350",450,"47,500","47,350","30,468",19
14:32,"47,450",550,"47,500","47,400","30,449",45
14:31,"47,500",600,"47,500","47,350","30,404",31
14:30,"47,350",450,"47,500","47,350","30,373",14
14:29,"47,350",450,"47,450","47,350","30,359",13
14:28,"47,400",500,"47,450","47,350","30,346",14
14:27,"47,450",550,"47,450","47,350","30,332",228
14:26,"47,350",450,"47,400","47,350","30,104",36
14:25,"47,350",450,"47,400","47,350","30,068",51
14:24,"47,350",450,"47,400","47,350","30,017",5
14:23,"47,350",450,"47,400","47,350","30,012",64
14:22,"47,400",500,"47,450","47,400","29,948",16
14:21,"47,400",500,"47,450","47,400","29,932",31
14:20,"47,450",550,"47,450","47,400","29,901",16
14:19,"47,400",500,"47,450","47,400","29,885",15
14:18,"47,400",500,"47,450","47,400","29,870",114
14:17,"47,400",500,"47,450","47,400","29,756",25
14:16,"47,500",600,"47,500","47,450","29,731",17
14:15,"47,500",600,"47,500","47,450","29,714",16
14:14,"47,450",550,"47,500","47,450","29,698",13
14:13,"47,500",600,"47,500","47,450","29,685",27
14:12,"47,500",600,"47,500","47,450","29,658",20
14:11,"47,450",550,"47,500","47,450","29,638",6
14:10,"47,450",550,"47,550","47,450","29,632",60
14:09,"47,550",650,"47,550","47,500","29,572",94
14:08,"47,550",650,"47,550","47,500","29,478",16
14:07,"47,500",600,"47,550","47,500","29,462",14
14:06,"47,550",650,"47,550","47,500","29,448",34
14:05,"47,550",650,"47,550","47,500","29,414",97
14:04,"47,600",700,"47,600","47,550","29,317",25
14:03,"47,600",700,"47,600","47,550","29,292",236
14:02,"47,500",600,"47,550","47,500","29,056",32
14:01,"47,550",650,"47,600","47,500","29,024",213
14:00,"47,550",650,"47,600","47,550","28,811",252
13:59,"47,500",600,"47,550","47,500","28,559",288
13:58,"47,450",550,"47,500","47,450","28,271",4
13:57,"47,450",550,"47,500","47,400","28,267",512
13:56,"47,350",450,"47,400","47,350","27,755",14
13:55,"47,350",450,"47,400","47,350","27,741",22
13:54,"47,350",450,"47,400","47,350","27,719",14
13:53,"47,350",450,"47,400","47,350","27,705",31
13:52,"47,350",450,"47,400","47,350","27,674",13
13:51,"47,350",450,"47,400","47,350","27,661",3
13:50,"47,350",450,"47,400","47,350","27,658",15
13:49,"47,350",450,"47,400","47,350","27,643",63
13:48,"47,350",450,"47,400","47,350","27,580",23
13:47,"47,350",450,"47,400","47,350","27,557",14
13:46,"47,350",450,"47,400","47,350","27,543",14
13:45,"47,350",450,"47,400","47,350","27,529",25
13:44,"47,350",450,"47,400","47,350","27,504",15
13:43,"47,400",500,"47,450","47,400","27,489",17
13:42,"47,400",500,"47,450","47,400","27,472",184
13:41,"47,350",450,"47,400","47,350","27,288",15
13:40,"47,350",450,"47,400","47,350","27,273",13
13:39,"47,350",450,"47,450","47,350","27,260",10
13:38,"47,450",550,"47,450","47,350","27,250",35
13:37,"47,350",450,"47,400","47,350","27,215",16
13:36,"47,350",450,"47,400","47,350","27,199",15
13:35,"47,400",500,"47,450","47,400","27,184",136
13:34,"47,400",500,"47,450","47,400","27,048",24
13:33,"47,400",500,"47,450","47,400","27,024",13
13:32,"47,400",500,"47,450","47,400","27,011",15
13:31,"47,400",500,"47,450","47,400","26,996",24
13:30,"47,400",500,"47,450","47,400","26,972",361
13:29,"47,400",500,"47,450","47,400","26,611",32
13:28,"47,400",500,"47,450","47,400","26,579",16
13:27,"47,400",500,"47,450","47,400","26,563",13
13:26,"47,450",550,"47,450","47,400","26,550",39
13:25,"47,400",500,"47,450","47,400","26,511",14
13:24,"47,400",500,"47,450","47,400","26,497",17
13:23,"47,450",550,"47,450","47,400","26,480",49
13:22,"47,400",500,"47,450","47,400","26,431",25
13:21,"47,450",550,"47,450","47,400","26,406",38
13:20,"47,450",550,"47,450","47,400","26,368",18
13:19,"47,400",500,"47,450","47,400","26,350","1,546"
13:18,"47,350",450,"47,400","47,300","24,804","1,448"
13:17,"47,300",400,"47,350","47,300","23,356",14
13:16,"47,300",400,"47,350","47,300","23,342",21
13:15,"47,300",400,"47,350","47,300","23,321",14
13:14,"47,300",400,"47,350","47,300","23,307",13
13:13,"47,300",400,"47,350","47,300","23,294",17
13:12,"47,300",400,"47,350","47,300","23,277",3
13:11,"47,300",400,"47,350","47,300","23,274",214
13:10,"47,300",400,"47,350","47,300","23,060",29
13:09,"47,300",400,"47,350","47,300","23,031",14
13:08,"47,300",400,"47,350","47,300","23,017",13
13:07,"47,300",400,"47,350","47,300","23,004",53
13:06,"47,300",400,"47,350","47,300","22,951",24
13:05,"47,300",400,"47,350","47,250","22,927",3
13:04,"47,250",350,"47,350","47,250","22,924",14
13:03,"47,250",350,"47,350","47,250","22,910",14
13:02,"47,250",350,"47,350","47,250","22,896",19
13:01,"47,250",350,"47,350","47,250","22,877",94
13:00,"47,300",400,"47,350","47,300","22,783",92
12:59,"47,300",400,"47,350","47,300","22,691",5
12:58,"47,300",400,"47,350","47,300","22,686",23
12:57,"47,300",400,"47,350","47,300","22,663",51
12:56,"47,300",400,"47,350","47,300","22,612",31
12:55,"47,300",400,"47,350","47,300","22,581",34
12:54,"47,350",450,"47,350","47,300","22,547",39
12:53,"47,300",400,"47,350","47,300","22,508",217
12:52,"47,300",400,"47,350","47,300","22,291",12
12:51,"47,300",400,"47,350","47,300","22,279",423
12:50,"47,300",400,"47,350","47,250","21,856",46
12:49,"47,300",400,"47,350","47,300","21,810",144
12:48,"47,300",400,"47,350","47,300","21,666",18
12:47,"47,300",400,"47,350","47,300","21,648",46
12:46,"47,350",450,"47,350","47,300","21,602",579
12:45,"47,250",350,"47,300","47,250","21,023",15
12:44,"47,250",350,"47,300","47,250","21,008",41
12:43,"47,250",350,"47,300","47,250","20,967",13
12:42,"47,250",350,"47,300","47,250","20,954",13
12:41,"47,250",350,"47,300","47,250","20,941",24
12:40,"47,250",350,"47,300","47,250","20,917",14
12:39,"47,250",350,"47,300","47,250","20,903",19
12:38,"47,250",350,"47,300","47,250","20,884",13
12:37,"47,250",350,"47,300","47,250","20,871",14
12:36,"47,250",350,"47,300","47,250","20,857",14
12:35,"47,250",350,"47,300","47,250","20,843",74
12:34,"47,250",350,"47,250","47,200","20,769",16
12:33,"47,250",350,"47,300","47,200","20,753",21
12:32,"47,200",300,"47,250","47,200","20,732",97
12:31,"47,250",350,"47,300","47,250","20,635",14
12:30,"47,250",350,"47,300","47,250","20,621",13
12:29,"47,250",350,"47,300","47,250","20,608",13
12:28,"47,300",400,"47,300","47,250","20,595",15
12:27,"47,250",350,"47,300","47,250","20,580",24
12:26,"47,300",400,"47,300","47,250","20,556",2
12:25,"47,250",350,"47,350","47,250","20,554",18
12:24,"47,300",400,"47,350","47,300","20,536",81
12:23,"47,300",400,"47,350","47,300","20,455",61
12:22,"47,300",400,"47,350","47,300","20,394",45
12:21,"47,350",450,"47,350","47,300","20,349",15
12:20,"47,300",400,"47,350","47,300","20,334",51
12:19,"47,300",400,"47,350","47,300","20,283",31
12:18,"47,300",400,"47,350","47,300","20,252",44
12:17,"47,300",400,"47,350","47,300","20,208",35
12:16,"47,300",400,"47,350","47,300","20,173",60
12:15,"47,300",400,"47,350","47,300","20,113",141
12:14,"47,300",400,"47,350","47,300","19,972",28
12:13,"47,300",400,"47,350","47,300","19,944",3
12:12,"47,300",400,"47,350","47,300","19,941","1,780"
12:11,"47,250",350,"47,300","47,250","18,161",12
12:10,"47,250",350,"47,300","47,250","18,149",14
12:09,"47,250",350,"47,300","47,250","18,135",611
12:08,"47,200",300,"47,250","47,200","17,524",33
12:07,"47,250",350,"47,300","47,200","17,491",199
12:06,"47,200",300,"47,250","47,200","17,292",4
12:05,"47,200",300,"47,250","47,200","17,288",14
12:04,"47,200",300,"47,250","47,200","17,274",23
12:03,"47,200",300,"47,250","47,200","17,251",15
12:02,"47,200",300,"47,250","47,200","17,236",13
12:01,"47,200",300,"47,250","47,200","17,223",15
12:00,"47,200",300,"47,250","47,200","17,208",9
11:59,"47,200",300,"47,250","47,200","17,199",15
11:58,"47,200",300,"47,250","47,200","17,184",74
11:57,"47,200",300,"47,250","47,200","17,110",14
11:56,"47,250",350,"47,250","47,200","17,096",262
11:55,"47,250",350,"47,300","47,250","16,834",64
11:54,"47,300",400,"47,300","47,250","16,770",71
11:53,"47,300",400,"47,300","47,250","16,699",537
11:52,"47,300",400,"47,300","47,250","16,162",927
11:51,"47,250",350,"47,250","47,200","15,235",16
11:50,"47,200",300,"47,250","47,200","15,219",66
11:49,"47,200",300,"47,250","47,200","15,153",246
11:48,"47,150",250,"47,200","47,150","14,907",314
11:47,"47,200",300,"47,200","47,150","14,593",43
11:46,"47,150",250,"47,200","47,150","14,550",14
11:45,"47,200",300,"47,250","47,150","14,536",423
11:44,"47,150",250,"47,200","47,150","14,113",16
11:43,"47,200",300,"47,200","47,150","14,097",69
11:42,"47,150",250,"47,200","47,150","14,028",13
11:41,"47,150",250,"47,200","47,150","14,015",14
11:40,"47,150",250,"47,200","47,150","14,001",17
11:39,"47,150",250,"47,200","47,150","13,984",15
11:38,"47,150",250,"47,200","47,150","13,969",63
11:37,"47,200",300,"47,200","47,150","13,906",29
11:36,"47,150",250,"47,200","47,150","13,877",20
11:35,"47,150",250,"47,200","47,150","13,857",27
11:34,"47,150",250,"47,200","47,150","13,830",3
11:33,"47,150",250,"47,200","47,150","13,827",19
11:32,"47,150",250,"47,200","47,150","13,808",77
11:31,"47,150",250,"47,200","47,150","13,731",27
11:30,"47,150",250,"47,200","47,150","13,704",44
11:29,"47,150",250,"47,200","47,150","13,660",17
11:28,"47,150",250,"47,200","47,150","13,643",47
11:27,"47,150",250,"47,200","47,150","13,596",16
11:26,"47,150",250,"47,200","47,150","13,580",38
11:25,"47,150",250,"47,200","47,150","13,542",14
11:24,"47,150",250,"47,200","47,150","13,528",17
11:23,"47,150",250,"47,200","47,150","13,511",21
11:22,"47,150",250,"47,200","47,150","13,490",15
11:21,"47,150",250,"47,200","47,150","13,475",16
11:20,"47,150",250,"47,200","47,150","13,459",21
11:19,"47,150",250,"47,200","47,150","13,438",46
11:18,"47,200",300,"47,200","47,150","13,392",18
11:17,"47,150",250,"47,200","47,150","13,374",3
11:16,"47,150",250,"47,200","47,150","13,371",102
11:15,"47,150",250,"47,200","47,150","13,269",449
11:14,"47,200",300,"47,250","47,200","12,820",504
11:13,"47,200",300,"47,250","47,200","12,316",4
11:12,"47,200",300,"47,250","47,200","12,312",18
11:11,"47,250",350,"47,250","47,200","12,294",4
11:10,"47,200",300,"47,250","47,200","12,290",14
11:09,"47,200",300,"47,250","47,200","12,276",11
11:08,"47,200",300,"47,250","47,200","12,265",2
11:07,"47,200",300,"47,250","47,200","12,263",381
11:06,"47,250",350,"47,250","47,200","11,882",84
11:05,"47,250",350,"47,250","47,200","11,798",108
11:04,"47,200",300,"47,250","47,200","11,690",224
11:03,"47,150",250,"47,200","47,150","11,466",38
11:02,"47,150",250,"47,200","47,150","11,428",158
11:01,"47,150",250,"47,150","47,100","11,270",368
11:00,"47,100",200,"47,150","47,100","10,902",201
10:59,"47,050",150,"47,050","47,000","10,701",44
10:58,"47,000",100,"47,050","47,000","10,657",570
10:57,"46,950",50,"47,000","46,950","10,087",2
10:56,"46,950",50,"47,050","46,950","10,085",16
10:55,"47,000",100,"47,050","47,000","10,069",4
10:54,"47,000",100,"47,050","46,950","10,065",86
10:53,"47,000",100,"47,000","46,950","9,979",28
10:52,"46,950",50,"47,000","46,950","9,951",5
10:51,"47,000",100,"47,000","46,950","9,946",12
10:50,"46,950",50,"47,000","46,950","9,934",3
10:49,"46,950",50,"47,000","46,950","9,931",103
10:48,"47,000",100,"47,000","46,950","9,828",12
10:47,"47,000",100,"47,050","46,950","9,816",39
10:46,"46,950",50,"47,000","46,950","9,777","1,664"
10:45,"47,000",100,"47,050","47,000","8,113",52
10:44,"47,050",150,"47,050","47,000","8,061",207
10:43,"47,050",150,"47,100","47,050","7,854",3
10:42,"47,050",150,"47,100","47,050","7,851",4
10:41,"47,050",150,"47,100","47,050","7,847",10
10:40,"47,050",150,"47,100","47,050","7,837",3
10:39,"47,050",150,"47,100","47,050","7,834",5
10:38,"47,050",150,"47,100","47,050","7,829",3
10:37,"47,050",150,"47,100","47,050","7,826",35
10:36,"47,050",150,"47,100","47,050","7,791",3
10:35,"47,050",150,"47,100","47,050","7,788",4
10:34,"47,050",150,"47,100","47,050","7,784",24
10:33,"47,050",150,"47,100","47,050","7,760",9
10:32,"47,050",150,"47,100","47,050","7,751",45
10:31,"47,050",150,"47,100","47,050","7,706",9
10:30,"47,100",200,"47,100","47,050","7,697",4
10:29,"47,100",200,"47,100","47,050","7,693",13
10:28,"47,050",150,"47,100","47,050","7,680",3
10:27,"47,100",200,"47,100","47,050","7,677",11
10:26,"47,050",150,"47,100","47,050","7,666",5
10:25,"47,050",150,"47,100","47,050","7,661",2
10:24,"47,050",150,"47,100","47,050","7,659",3
10:23,"47,050",150,"47,100","47,050","7,656",4
10:22,"47,050",150,"47,100","47,050","7,652",4
10:21,"47,050",150,"47,100","47,050","7,648",22
10:20,"47,100",200,"47,100","47,050","7,626",9
10:19,"47,050",150,"47,100","47,050","7,617",3
10:18,"47,100",200,"47,100","47,050","7,614",11
10:17,"47,050",150,"47,100","47,050","7,603",22
10:16,"47,050",150,"47,100","47,050","7,581",4
10:15,"47,100",200,"47,100","47,050","7,577",6
10:13,"47,050",150,"47,100","47,050","7,571",3
10:12,"47,050",150,"47,100","47,050","7,568",1
10:11,"47,100",200,"47,100","47,050","7,567",11
10:10,"47,100",200,"47,100","47,050","7,556",6
10:09,"47,050",150,"47,100","47,050","7,550",180
10:07,"47,050",150,"47,050","47,000","7,370",3
10:06,"47,050",150,"47,050","47,000","7,367",10
10:05,"47,050",150,"47,050","47,000","7,357",23
10:04,"47,000",100,"47,050","47,000","7,334",30
10:03,"47,000",100,"47,050","47,000","7,304",9
10:01,"47,050",150,"47,050","47,000","7,295",327
10:00,"46,950",50,"47,000","46,950","6,968",11
09:59,"47,000",100,"47,000","46,950","6,957",21
09:58,"47,000",100,"47,000","46,950","6,936",13
09:56,"47,000",100,"47,000","46,950","6,923",65
09:55,"47,000",100,"47,000","46,950","6,858",1
09:54,"47,000",100,"47,050","47,000","6,857",147
09:53,"47,000",100,"47,050","47,000","6,710",142
09:52,"47,000",100,"47,050","47,000","6,568",429
09:51,"47,050",150,"47,050","47,000","6,139",2
09:50,"47,050",150,"47,050","47,000","6,137",3
09:49,"47,050",150,"47,050","47,000","6,134",6
09:48,"47,050",150,"47,050","47,000","6,128",19
09:47,"47,000",100,"47,050","47,000","6,109",31
09:45,"47,000",100,"47,050","47,000","6,078",4
09:44,"47,000",100,"47,100","47,000","6,074",2
09:43,"47,050",150,"47,100","47,000","6,072",3
09:42,"47,100",200,"47,050","47,000","6,069",84
09:41,"47,050",150,"47,050","47,000","5,985",9
09:40,"47,050",150,"47,050","47,000","5,976",21
09:39,"47,050",150,"47,050","47,000","5,955",74
09:38,"47,050",150,"47,100","47,050","5,881",113
09:37,"47,050",150,"47,100","47,050","5,768",95
09:36,"47,050",150,"47,100","47,050","5,673",149
09:35,"47,050",150,"47,050","47,000","5,524",22
09:34,"47,000",100,"47,050","47,000","5,502",34
09:33,"47,050",150,"47,050","47,000","5,468",2
09:32,"47,050",150,"47,050","47,000","5,466",23
09:31,"47,050",150,"47,100","47,050","5,443",15
09:30,"47,000",100,"47,100","47,000","5,428",102
09:29,"47,100",200,"47,100","47,000","5,326",1
09:28,"47,100",200,"47,100","47,000","5,325",212
09:27,"47,100",200,"47,100","47,000","5,113",2
09:26,"47,100",200,"47,100","47,000","5,111",29
09:25,"47,100",200,"47,100","47,000","5,082",42
09:23,"47,100",200,"47,100","47,000","5,040",639
09:22,"47,100",200,"47,150","47,100","4,401",26
09:21,"47,000",100,"47,150","47,000","4,375",913
09:20,"46,900",0,"46,900","46,800","3,462",144
09:18,"46,800",100,"46,850","46,800","3,318",221
09:17,"46,800",100,"46,850","46,800","3,097",1
09:16,"46,850",50,"46,850","46,800","3,096",2
09:15,"46,850",50,"46,900","46,800","3,094",1
09:14,"46,850",50,"46,850","46,800","3,093",5
09:13,"46,800",100,"46,850","46,750","3,088",11
09:12,"46,800",100,"46,850","46,750","3,077",22
09:11,"46,750",150,"46,900","46,750","3,055",8
09:10,"47,000",100,"47,000","46,750","3,047","2,614"
09:09,"46,900",0,"47,000","46,900",433,89
09:08,"47,000",100,"47,000","46,950",344,12
09:07,"47,000",100,"47,000","46,950",332,16
09:05,"46,900",0,"47,000","46,950",316,6
09:04,"46,950",50,"46,950","46,900",310,54
09:03,"46,850",50,"46,850","46,750",256,5
09:02,"46,750",150,"46,900","46,750",251,103
09:01,"46,850",50,"46,800","46,750",148,67
09:00,"46,850",50,"46,950","46,850",81,81
